best
395
0 15
0 22
0 29
0 42
0 43
0 44
0 45
0 46
0 47
0 48
0 49
0 50
0 51
0 8
0 81
2 31
2 32
2 38
2 39
2 45
2 46
2 49
2 51
2 53
2 55
2 58
2 60
2 62
2 63
2 65
2 67
2 70
2 72
2 74
2 76
5 59
5 8
5 80
5 84
8 56
8 77
9 49
9 57
9 70
10 57
11 10
11 57
11 67
11 78
12 5
12 56
12 77
15 56
15 77
15 8
17 31
17 39
17 45
17 63
17 64
17 65
18 30
18 38
18 46
18 67
25 10
25 16
25 17
25 19
25 21
25 24
25 37
25 38
25 42
25 44
25 54
25 56
25 58
25 68
25 69
25 70
25 83
25 89
26 39
28 15
28 25
28 42
28 45
28 49
28 55
28 59
28 63
28 75
28 80
32 46
32 53
32 60
32 72
33 24
33 41
33 44
33 46
33 53
33 58
33 60
33 72
34 13
34 21
34 24
34 26
34 41
34 44
34 46
34 53
34 58
34 60
34 72
34 79
35 46
35 60
35 72
38 25
38 42
38 45
38 49
38 59
38 63
38 75
38 80
40 17
40 18
40 19
40 68
40 83
41 10
41 21
41 36
41 39
41 47
41 48
41 50
41 51
41 61
41 62
41 64
41 65
41 69
41 73
41 74
41 76
41 77
48 11
48 15
48 17
48 19
48 21
48 23
48 25
48 28
48 30
48 32
48 34
48 36
48 38
48 40
48 41
48 43
48 45
48 47
48 50
48 51
48 52
48 53
48 56
48 59
48 60
48 62
48 64
48 66
48 69
48 72
48 73
48 75
48 77
51 11
51 13
51 16
51 20
51 24
51 29
51 33
51 37
51 56
51 58
51 69
51 71
51 8
51 82
55 14
55 27
56 10
56 14
56 27
56 55
56 68
57 10
57 14
57 27
57 45
57 55
57 64
57 68
57 77
57 80
58 5
60 89
61 0
61 11
61 13
61 56
61 58
61 69
61 71
61 8
61 89
62 89
63 41
63 42
63 43
63 50
63 51
63 52
63 53
63 60
63 61
63 62
63 73
63 74
63 75
64 77
71 21
71 22
71 36
71 37
71 46
71 48
71 51
71 53
71 56
71 58
71 6
71 60
71 61
71 64
71 65
71 72
71 73
71 74
72 23
72 38
74 41
74 43
74 47
74 52
74 56
74 61
74 65
74 68
74 83
77 58
78 45
78 50
78 58
78 61
78 65
78 71
79 45
79 50
79 55
79 59
79 63
80 10
80 25
80 40
80 45
80 50
80 55
80 58
80 67
80 75
81 80
84 41
84 43
84 56
84 60
84 64
84 68
84 83
86 6
87 20
87 23
87 35
87 38
94 19
94 45
94 46
94 48
94 50
94 55
94 57
94 59
94 61
94 63
94 65
94 67
94 69
94 71
94 73
94 76
94 78
97 11
97 15
97 20
97 24
97 32
97 40
97 7
97 77
97 83
100 28
100 34
100 42
101 12
101 21
101 28
101 34
101 42
101 75
102 12
102 19
102 21
102 28
102 34
102 42
102 75
103 12
103 19
103 21
103 28
103 35
103 43
103 5
103 50
103 59
103 66
103 67
103 74
103 75
104 12
104 21
104 28
104 80
107 15
107 20
107 24
107 66
107 74
107 83
108 0
108 89
109 46
109 47
109 48
109 55
109 57
110 13
110 14
110 16
110 17
110 22
110 23
110 25
110 26
110 29
110 30
110 32
110 33
110 34
110 37
110 38
110 40
110 41
110 42
110 50
122 45
